# Fix print output for fix def1
-1.00095104083235e-15 -0.0142025234174517 -0.0130046390784389 0.0219250375090945
0.000999999999999063 0.187345295732628 0.0194419225712415 -0.00837639308296388
0.00199999999999898 0.363435190052212 0.00273374963853803 -0.00604784742061383
0.00299999999999905 0.554942064930497 0.0144455164901656 0.0153034963140825
0.00399999999999897 0.71495831013869 -0.00401746128935721 0.00180789917682105
0.00499999999999903 0.888382552104766 0.00925269721966186 0.0104717251761799
0.00599999999999895 1.05955203142669 -0.00603807739704443 -0.00789077733753238
0.00699999999999902 1.22628490110537 0.0153503626060307 0.00574010664101504
0.00799999999999894 1.38049535392282 0.00117826401091299 -0.00309629055522731
0.00899999999999901 1.55112753066199 0.0153114032567459 0.00542772200801162
0.00999999999999893 1.70044073094363 -0.0130224863160125 0.00574388098986497
0.010999999999999 1.8565803807616 0.00700710821939218 0.00887009635658891
0.0119999999999991 2.00919139168563 0.0078819365449101 0.00505016520259556
0.012999999999999 2.15947580501079 -0.00105491584353722 -0.0035984906272872
0.013999999999999 2.3100266801116 0.00573606337711828 -0.00518282687543152
0.014999999999999 2.45833455177651 0.00910845099049681 -0.00189382456447265
0.015999999999999 2.61317749742764 -0.00994570775660778 0.0101603766806105
0.0169999999999989 2.75570107760571 0.00772134922122302 -0.0154930476948946
0.017999999999999 2.90047388337694 -0.0108335921846229 0.00529581627576318
0.0189999999999989 3.04479647435355 -0.00963768878621486 -0.000747656619377589
0.019999999999999 3.16093055024885 0.00530716346361321 0.00442336348669138
0.0209999999999991 3.30444356183247 0.0144849407573535 0.0069557508920984
0.021999999999999 3.43414904811689 0.000759563919764362 0.00935127762880967
0.022999999999999 3.5663062429862 -0.00830852660362788 0.0147039279002141
0.023999999999999 3.71487379321658 0.0141500857189303 0.00307060014505721
0.024999999999999 3.83933512235604 0.008492403761085 -0.00449909754280727
0.025999999999999 3.96710386170257 0.0160447322950942 0.00412406328691463
0.026999999999999 4.10060248217476 0.00504465026647919 0.00767046988805717
0.0279999999999989 4.21509700514257 0.0101992325968535 0.00372171012892333
0.028999999999999 4.34928754476846 -0.00125646024209588 0.00732910060010269
0.0299999999999989 4.45680755027908 0.0175437668383985 0.002606901307423
0.030999999999999 4.57718478019856 -0.00605804709834451 0.00396866087362113
0.0319999999999991 4.70141457923352 0.0200816230999836 0.0167116146552198
0.032999999999999 4.82049404462122 -0.0132345530498912 -0.00659839158082132
0.033999999999999 4.93193591561622 0.0232202875131457 0.00620913593617655
0.034999999999999 5.01949969896204 0.0107187759882389 -0.00436319512563552
0.035999999999999 5.14809566286394 0.00850296519640784 0.0113259411576092
0.0369999999999989 5.24860557324078 0.000533662045863602 0.00788088232920447
0.037999999999999 5.34075189015452 -0.00860760871737835 0.00607639621105827
0.0389999999999989 5.4519303409351 0.0040983449300139 0.00446540141271799
0.039999999999999 5.54904526167438 0.010918953457546 0.00072791815187939
0.0409999999999989 5.6424344451623 0.00329719959251726 0.00599142763506383
0.041999999999999 5.74455558323579 0.00185067158998887 0.0057797380507709
0.042999999999999 5.82605240069668 0.0083869694101039 0.00472289621488378
0.043999999999999 5.90966325873471 0.0113904457662155 0.00130913716105438
0.044999999999999 5.99834591653553 -0.00654189821077259 0.0120457085230831
0.045999999999999 6.0879613043578 0.000823243785662012 0.00955391909948908
0.046999999999999 6.17721255458715 0.00651049739801776 -0.00510226887194893
0.0479999999999989 6.24739470651325 -0.0113971299018854 0.0118571375316775
0.048999999999999 6.32932290911373 0.0071070764745935 0.00480069139834925
0.0499999999999989 6.39971622616058 0.00667635422469246 0.0150493053314069
0.050999999999999 6.47502783016126 0.00121341536085067 -0.00116032766845873
0.0519999999999989 6.55301599562351 0.00286195842980723 0.0190988996858428
0.052999999999999 6.6306792261501 0.0116013872810867 -0.0118824887468897
0.053999999999999 6.68813684670334 0.00796444110451706 0.011422174071508
0.054999999999999 6.76113787926629 0.00853504254161009 0.00501964482422907
0.055999999999999 6.82021256047718 -0.00393022389234964 0.00920957152259396
0.0569999999999989 6.86943959006848 0.0102813713793931 -0.00968851379968867
0.057999999999999 6.93425925759298 0.0110091974545977 0.00887679792782325
0.0589999999999989 6.9969554558748 0.01224523378855 0.0123010460336171
0.059999999999999 7.0457698508628 0.00163987674679674 0.00182056875124383
0.0609999999999989 7.09164253216869 0.00405570017190623 -0.000583723390163371
0.061999999999999 7.14770310933661 0.000427777736430701 0.0143174300826663
0.0629999999999989 7.19429169599642 0.012294504908566 0.00953579636048382
0.063999999999999 7.24045033165725 -0.00308306503125299 0.00446197886955448
0.064999999999999 7.29199243358419 0.00222853378877957 0.00262830987712991
0.0659999999999989 7.32710158837372 0.00827253306405817 0.0110994905439134
0.066999999999999 7.37277030822894 0.0166892219500039 0.00366079218764227
0.0679999999999989 7.39036452485623 0.00155418412340034 0.0110949625133647
0.068999999999999 7.44022364745761 0.00636670931913654 0.0110144101829083
0.0699999999999989 7.46427250841646 0.016191473363273 0.0120828457391678
0.070999999999999 7.48771859911305 -0.001151654228356 0.00280593410420269
0.0719999999999989 7.52138879652026 0.00210356196714643 0.0149174637288781
0.072999999999999 7.53139691884061 0.015367133649589 0.00862288895804094
0.0739999999999989 7.5591458679616 0.00659915578887403 0.00904145210200854
0.074999999999999 7.57168398850442 0.016256937684849 0.00719257067002319
0.075999999999999 7.56786928729011 0.0146204263755925 0.00850113165224244
0.0769999999999989 7.5735596462032 -0.00247106222128053 0.0179343504975697
0.077999999999999 7.58674146988167 0.0194660600279732 0.0110851913673945
0.0789999999999989 7.59157991727106 0.00394693877445113 0.010769387689068
0.079999999999999 7.59468264568084 0.0050065559223773 0.0177390218667894
0.0809999999999989 7.58374563053459 -0.00585554633888919 0.00106716088065591
0.081999999999999 7.58768732118366 0.0279091333403015 0.0147629630011153
0.0829999999999989 7.56875887469285 0.00355711712637201 0.013514699182422
0.083999999999999 7.57162230000251 0.00851971201676018 0.0108123024178502
0.0849999999999989 7.56982323611099 0.0232635301288135 0.00387176830527467
0.0859999999999989 7.5712393897721 0.00270353919145563 0.0184218195316706
0.086999999999999 7.53198799584077 0.0103408424999493 0.00854765519761244
0.0879999999999989 7.54011508734316 0.00109247751320692 0.0225759231088766
0.088999999999999 7.52299448176035 0.0143717182843975 0.0127393234606319
0.0899999999999989 7.50785022429731 0.00306338387630357 0.00527778311969429
0.090999999999999 7.47729574695328 0.0234112609360201 0.0182122612229456
0.0919999999999989 7.46372769254247 -0.00857630898796262 0.00823892343936566
0.092999999999999 7.44171121525253 0.0119981531113724 0.0228608996854074
0.0939999999999989 7.42257332406124 0.00206442641238128 0.0097612569245566
0.0949999999999989 7.40206052143081 0.00131326473820008 0.0315140039152868
0.0959999999999989 7.36978626231399 0.0151672991459647 -0.00646701178741993
0.0969999999999989 7.34914675975521 0.00309031704785831 0.0206712080754285
0.097999999999999 7.33110109159083 0.0162139334556138 0.00852133774829741
0.0989999999999989 7.28873628779104 0.00417238976987621 0.0214867235753024
0.099999999999999 7.24340021847409 0.0159877541337639 0.0182533573335397
0.100999999999999 7.2199841217861 0.0217847309308415 0.0108882263667474
0.101999999999999 7.17415309449858 0.0222214572366545 0.0147593414081076
0.102999999999999 7.14625080860566 0.00953355234683325 0.0176187762699568
0.103999999999999 7.10696483849719 0.0184644979306698 -0.00112578010099375
0.104999999999999 7.08722940276608 0.00947363711443189 0.0102114903465427
0.105999999999999 7.03064815668418 0.00436765005761299 0.0118675332178931
0.106999999999999 6.99849134761943 0.0143150790320092 0.0169779870420642
0.107999999999999 6.96768930555811 0.00738409903898112 0.00206151825226751
0.108999999999999 6.9460029990626 0.0168880315523225 0.0122439022972107
0.109999999999999 6.91808356839275 0.00356704200172422 0.0194874083914031
0.110999999999999 6.88233894423382 0.00836675845806427 0.0143988375968198
0.111999999999999 6.84271424763359 0.0108314979796093 0.00677722483270528
0.112999999999999 6.81132336223094 0.00863558332458269 0.000766581072963233
0.113999999999999 6.77160373531024 0.0139691666608682 0.0140517484761998
0.114999999999999 6.72549733720722 0.00412611482064698 0.00521202964576168
0.115999999999999 6.7097905452866 0.0201357078091955 0.0241349541804579
0.116999999999999 6.68906216458611 0.00184207616886819 0.00806689849227012
0.117999999999999 6.66254166166234 0.0143140783585322 0.0147301747763137
0.118999999999999 6.64678998093514 0.00958568255938036 0.00631153571248083
0.119999999999999 6.62202941070371 0.0165239267385572 0.0106135126977989
0.120999999999999 6.60469425779236 0.00355449381088227 0.0180554090558107
0.121999999999999 6.58143267065516 0.014755484487984 0.00841236274117005
0.122999999999999 6.55913324643739 0.0109924602584943 0.00514697829657474
0.123999999999999 6.53023631365718 0.00290543508083123 0.0191340957785735
0.124999999999999 6.51056287481397 0.0106964556968376 0.00642737318570519
0.125999999999999 6.48697417412673 0.00678639725255826 0.0103597043504044
0.126999999999999 6.4574989888748 0.0119449378460588 0.0129669362951443
0.127999999999999 6.42894556492968 0.00883081075376617 0.0162542114618208
0.128999999999999 6.39865033525337 0.010532732164602 0.0150966078876989
0.129999999999999 6.36834436992971 0.0110116813670372 0.0103077773280587
0.130999999999999 6.33894507628738 0.00999233294081548 0.0135802714341908
0.131999999999999 6.32717538419779 0.0157808735639868 0.00132088613718438
0.132999999999999 6.30906955496445 0.00927365384211519 0.0106450121393184
0.133999999999999 6.2806005204162 0.0130731362022401 0.0156048902126616
0.134999999999999 6.26620862210555 0.00601511271172166 0.00569429672352871
0.135999999999999 6.22811485399509 0.0205628902914482 0.0203478311369068
0.136999999999999 6.21265942605785 0.00884778679655927 0.0153894190840706
0.137999999999999 6.18933127450546 0.0071712937325087 0.0072672339266042
0.138999999999999 6.17398265430266 0.00538758110104457 0.0254189383483007
0.139999999999999 6.16172009932101 0.0131486467484004 0.0110940273646222
0.140999999999999 6.14154071700399 0.00291145143884701 0.010187306602934
0.141999999999999 6.13518973779727 -0.000687280084173236 0.0161784773329662
0.142999999999999 6.12065597196151 0.0193286515503471 -0.000442241413615467
0.143999999999999 6.10709859595436 0.00749785580696343 0.0141058907594202
0.144999999999999 6.08912793539705 0.0161105896488989 0.00370951176304649
0.145999999999999 6.08214340459436 0.0143180898666115 0.0159029111407869
0.146999999999999 6.06628752860351 0.0102883898625199 0.0143159272136565
0.147999999999999 6.05671385489188 0.00524393328198847 0.00812060022017857
0.148999999999999 6.04908369811495 0.00952484647926326 0.00388285828433008
0.149999999999999 6.03371638222456 0.00203557744270856 0.0108191300290037
0.150999999999999 6.01249756873581 0.0110399806731676 -0.00111630676246663
0.151999999999999 6.00631908309753 0.0144774186310918 0.00736513336304086
0.152999999999999 5.99165792427157 -0.00471839794276591 0.0116142563613766
0.153999999999999 6.00599071946438 0.0334075661471786 0.00889692804659911
0.154999999999999 5.98096947029356 -0.00825688070031625 0.0141387224789205
0.155999999999999 5.96579746139476 0.0250571876449353 0.013717481582179
0.156999999999999 5.96041759333847 0.00192369646403932 -0.00438122926167355
0.157999999999999 5.95477129759647 0.00888073656058571 0.0232218527725763
0.158999999999999 5.94671352727961 0.00737269875826166 0.00295112945909146
0.159999999999999 5.93963637007068 0.016935621544462 0.0104450735719316
0.160999999999999 5.92852117996313 -0.000902286444179639 0.012379285039765
0.161999999999999 5.90698476421342 0.0143961511850207 0.0189493964179783
0.162999999999999 5.90255697176858 0.00949243026191047 -0.0048169884691056
0.163999999999999 5.89676774789427 0.00433175620731682 0.0232973693417594
0.164999999999999 5.89464361372198 0.0100444949150303 0.00261551284362842
0.165999999999999 5.8985923189726 0.0200554830230764 0.00714640961932356
0.166999999999999 5.86628939702417 0.00170516178285804 0.0140251044860792
0.167999999999999 5.88505448798326 0.00174091757079517 0.0174859422630408
0.168999999999999 5.88214871159814 0.0179859337332959 0.00340450527488785
0.169999999999999 5.88113225072354 1.73117813595919e-05 0.00643602290503909
0.170999999999999 5.88296033800057 0.0187429975935875 0.0172011090932726
0.171999999999999 5.88625177170464 -0.00330888792629697 -0.00371204397627836
0.172999999999999 5.89227387439008 0.0156250741044569 0.0194133821866736
0.173999999999999 5.87067325910624 0.0211146681585168 -0.00261073818542516
0.174999999999999 5.88597421409942 0.00947401667545479 0.0105083161727565
0.175999999999999 5.88524379892636 -0.000593793060251033 -0.000407800751197765
0.176999999999999 5.87788561280127 0.0312684788232446 0.0247431781891976
0.177999999999999 5.86056628701803 0.00683774490246815 0.00413018460131525
0.178999999999999 5.86189736680305 0.0176492470201252 0.0213275683960858
0.179999999999999 5.83720199943127 -0.00273042299132189 0.0170714451646615
0.180999999999999 5.85494530028899 0.0266325675641153 0.00973647919283193
0.181999999999999 5.84637796801104 0.00729132204063225 0.00861646198721153
0.182999999999999 5.85448237187154 0.00773771515128566 0.0190646990382841
0.183999999999999 5.83450804093771 0.00395555931110886 0.00624184331846959
0.184999999999999 5.85063925699907 0.000104726766122887 0.0171720015521691
0.185999999999999 5.84009765846716 0.0141764417929641 0.00569117450889297
0.186999999999999 5.84109375966446 0.00350206128113623 -0.00230875678559637
0.187999999999999 5.83623491240936 0.0122726230031798 0.00995662616205555
0.188999999999999 5.82599501564463 0.0102479808769201 0.00410589523218932
0.189999999999999 5.83189120076127 0.00304361054520548 0.0134965711202316
0.190999999999999 5.80623228130208 0.0153207583342397 0.00761816909362222
0.191999999999999 5.80672903540282 -0.00174888134266314 0.0145951373440973
0.192999999999999 5.80490986116383 0.0210023745290522 0.00246162590730532
0.193999999999999 5.79428374511587 0.00728517486099381 0.0160430935420089
0.194999999999999 5.77489544305818 -0.00427565219824849 0.0224162124823962
0.195999999999999 5.78072085182716 0.0232713337083323 0.0107060384798692
0.196999999999999 5.77673227831089 0.000163294251271081 0.0186933486800756
0.197999999999999 5.7677835604694 0.0105137707446703 0.0189387208006531
0.198999999999999 5.7661921657855 0.00302721194397151 0.0190446766411989
0.199999999999999 5.76176744592538 -0.00320589783818823 0.00185039345940016
0.200999999999999 5.75165686038002 0.0127805956929642 0.0145234361490824
0.201999999999999 5.74067925496376 0.0179895743996477 0.0118257511515042
0.202999999999999 5.75289017881809 -0.00520909862290878 0.0138898942257847
0.203999999999999 5.73933972605754 0.00914333841063707 0.0129553625225083
0.204999999999999 5.7375580515769 -0.00128737334809063 0.0250442215405264
0.205999999999999 5.73665985809808 0.0143068349336805 -0.00131105243934553
0.206999999999999 5.73282168465876 0.00667921210416859 0.0187233445389091
0.207999999999999 5.72033637530814 0.013151046443321 0.0128024129636278
0.208999999999999 5.71511096798819 -0.00109141971899866 0.00780144505226199
0.209999999999999 5.70708866850948 0.0138178988494399 0.0175094753316907
0.210999999999999 5.70889402652432 0.00624405011870205 0.00361732463375595
0.211999999999999 5.69530382735671 0.0188333771709381 0.0197686627975037
0.212999999999999 5.70966775918707 0.00349873536123114 0.00289938919929353
0.213999999999999 5.69698119773606 -0.00128760661173791 0.0121470711264163
0.214999999999999 5.68501687396672 0.0319205920415374 0.00880140583681419
0.215999999999999 5.68814281107919 -0.00527199753504034 0.00509968608066907
0.216999999999999 5.69542450590169 0.00486987784225546 0.0222785451684344
0.217999999999999 5.67868971356759 0.0139546683517821 -0.00682374894039277
0.218999999999999 5.68534337710741 0.00822012401555285 0.0240864776552751
0.219999999999999 5.67527254402253 0.0115251568144575 -0.0108929398932736
0.220999999999999 5.67103673004455 0.0157179233089087 0.0240312985026482
0.221999999999999 5.67695517914138 -0.0144745489262695 0.0130855728867301
0.222999999999999 5.66544144639597 0.0103708558781855 0.0116072575556276
0.223999999999999 5.6678238211408 0.00637026886273765 0.00553623941995956
0.224999999999999 5.64987764484775 0.018768437293459 0.00504135799694974
0.225999999999999 5.64985288958396 -0.00450104412733896 0.0210469805355746
0.226999999999999 5.65797454312619 0.00519303295834055 -0.010909927026817
0.227999999999999 5.65150184772906 0.00445809679939892 0.0300045687603549
0.228999999999999 5.63975473414138 0.00349540879527752 -0.00278817440113111
0.229999999999999 5.65112966444088 0.0213963810440404 0.0105358992815769
0.230999999999999 5.63434333132973 -0.00513122088531822 0.00806210855319701
0.231999999999999 5.63874259890308 0.0218967920532438 0.00488068874634957
0.232999999999999 5.64310916596778 -0.00337225138879259 0.000771017039898556
0.233999999999999 5.61717902571214 0.0125346776204481 0.023407114884195
0.234999999999999 5.61995763334027 -0.00265396495952245 0.00620117746185978
0.235999999999999 5.61106132404094 0.00303838193579011 0.00492328519920397
0.236999999999999 5.60490068924393 0.0172764670790853 -0.000347885354766714
0.237999999999999 5.59436131327777 0.00333462798535627 0.0195177050058215
0.238999999999999 5.57827716650207 0.0302744700541146 0.00734307241967296
0.239999999999999 5.59003648236814 -0.000169575838801706 -2.58343049050634e-05
0.240999999999999 5.57666012619327 0.00449779327644495 0.017333011441378
0.241999999999999 5.58001263170779 0.00277945643836611 -0.000751514231346514
0.242999999999999 5.57133020348392 0.0154597366759937 0.0137152240916712
0.243999999999999 5.54899799881261 0.000582196973257292 0.0147070189009425
0.244999999999999 5.56579298185238 0.0100256813520137 0.00063059027871227
0.245999999999999 5.56207991307509 0.0146102120040945 0.0211869665792917
0.246999999999999 5.55775237548721 0.00900791361616645 -0.00364810084632207
0.247999999999999 5.55491334136435 0.0155270879940387 0.00850100118631252
0.248999999999999 5.56579494177703 0.00178900476456679 0.0281789865741093
0.249999999999999 5.55536935038706 0.0163430886298214 -0.00411281078218395
0.250999999999999 5.55187728345159 0.010345184744177 0.00786084454476137
0.251999999999999 5.54778240510823 0.00488570835669309 0.018537363466451
0.252999999999999 5.54511828851096 0.017580827029134 0.0056348528230642
0.253999999999999 5.53080797439376 -0.00740294971635486 0.022743186662988
0.254999999999999 5.53592314277212 0.0211387199969718 -0.00500783397393802
0.255999999999999 5.53039425680238 0.0110212483461036 0.00831695157363487
0.256999999999999 5.54175118827259 0.00130219743372643 -0.0168496524774445
0.257999999999999 5.53090293334052 0.0119069722141221 0.0207812410314001
0.258999999999999 5.5255784731414 -0.000148393449915621 0.0109989323898649
0.259999999999999 5.54535092769921 0.0159188219796596 -1.94853834564819e-05
0.260999999999999 5.54249216445788 0.00634444305092609 0.0178199743834284
0.261999999999999 5.53917029324846 -0.00430239653935463 0.014711581417883
0.262999999999999 5.53364016703356 0.00304182526983696 0.00954889002627577
0.263999999999999 5.52291444352275 0.00779111665099799 0.00589535962614162
0.264999999999999 5.52063932853855 0.0119102182942808 -0.00833569848739386
0.265999999999999 5.5288415251185 0.0014088394804964 0.0185483261126298
0.266999999999999 5.50676175062473 0.0098942915830844 0.0128870656316949
0.267999999999999 5.5118991650918 0.00381709845225993 0.010933317421154
0.268999999999999 5.49951640734767 0.0161252139909815 0.00161410219802688
0.269999999999999 5.4988352312614 0.0135816025655991 0.00757844058028196
0.270999999999999 5.49361996629934 0.00119150574132645 0.0254556833384246
0.271999999999999 5.49252229049662 0.00880496948754487 0.00802722915622171
0.272999999999999 5.50425996984807 0.00522494660772373 0.0236809168251761
0.273999999999999 5.48892256194596 0.00439624445114669 0.00869423365649044
0.274999999999999 5.49599990213146 0.0105188168324526 0.00975489679625643
0.275999999999999 5.48785025897061 0.00994110432130929 0.00528453056853833
0.276999999999999 5.47949470345717 -0.00299946638868025 0.00727625159960205
0.277999999999999 5.47564125619233 0.0216090106967627 -0.00417598074933823
0.278999999999999 5.4644809154468 0.00337259257757587 0.00306372978751633
0.279999999999999 5.45411594605213 0.011293156808659 0.00865890704020124
0.280999999999999 5.4461115132539 0.0211138177603258 -0.00288422592904946
0.281999999999999 5.45491286791863 0.0088671047113965 0.00996016070154826
0.282999999999999 5.44525527710064 0.00342320467632034 -0.00617541062268105
0.283999999999999 5.4634621544002 0.018832887659636 -0.00214851637961762
0.284999999999999 5.44628986382016 -0.00288780844076736 0.00630426652418101
0.285999999999999 5.45063644065791 0.0142164983352604 0.00941044629237664
0.286999999999999 5.43404647023194 0.0085806965490816 0.0108861321148029
0.287999999999999 5.42494315645378 0.00251724907541966 0.0196401642968666
0.288999999999999 5.41787428208289 0.00761234146875361 0.000498893771127999
0.289999999999999 5.40417658171976 0.0130826044746431 0.0108679442859229
0.290999999999999 5.38851445046712 0.00913632261694701 0.0114513480170321
0.291999999999999 5.37567496315285 0.0151671410585324 0.0234412502803667
0.292999999999999 5.3780897655324 0.0230912741649204 -0.00388902247424104
0.293999999999999 5.38422810124366 0.00593041683349111 0.014641205472143
0.294999999999999 5.37072851439409 0.0104263458128381 0.00675442253788133
0.295999999999999 5.35036005910503 0.00317918684982778 0.0144169775854288
0.296999999999999 5.35214912686517 0.0185494962270975 0.00558192205613486
0.297999999999999 5.35453238936464 0.00863769541239947 -0.00119168098913454
0.298999999999999 5.34361775065873 0.0103960028887251 0.00986312288477219
0.299999999999999 5.33306068710242 0.00697832711933388 0.0173914970525518
